Version 0.9.7
11
 4 10 175 77 128 0 1
 5 80 400 206 81 2 2
 0 245 132 877 276 8 3
 3 1726 76 203 58 140 4
 1 437 470 206 81 149 5
 1 713 472 206 81 159 6
 3 1521 77 203 58 169 7
 1 835 45 206 81 178 9
 0 257 580 877 276 188 10
 0 1142 331 877 276 320 11
 3 596 974 203 58 452 12
 0
173
 255 5 71 189 71 189 71 145 298 145 298 146 298 146 0 1 0 3
 255 5 311 146 311 128 196 128 196 377 324 377 324 380 0 3 0 3
 65793 5 71 288 71 288 71 394 298 394 298 393 298 393 0 1 0 3
 65793 5 311 393 311 410 211 410 211 160 311 160 311 159 0 3 0 3
 65793 5 452 539 452 539 359 539 359 393 350 393 350 393 0 5 0 3
 255 5 452 481 452 481 344 481 344 380 350 380 350 380 0 5 0 3
 255 5 363 198 363 198 363 198 363 198 363 146 363 146 0 3 0 3
 65793 5 454 341 454 341 454 341 454 393 454 393 454 393 0 3 0 3
 65793 5 728 541 728 541 695 541 695 393 688 393 688 393 0 6 0 3
 255 5 728 483 728 483 681 483 681 380 688 380 688 380 0 6 0 3
 8388736 5 415 341 415 341 415 467 626 467 626 481 626 481 0 3 0 5
 8388736 5 389 341 389 341 389 456 607 456 607 481 607 481 0 3 0 5
 8388736 5 389 237 398 237 398 442 588 442 588 481 588 481 0 3 0 5
 33023 5 454 237 454 237 454 294 675 294 675 302 675 302 0 3 0 3
 8388736 5 415 237 423 237 423 432 569 432 569 481 569 481 0 3 0 5
 12615680 5 649 302 649 302 649 423 550 423 550 481 550 481 0 3 0 5
 12615680 5 623 302 623 302 623 414 531 414 531 481 531 481 0 3 0 5
 12615680 5 623 237 630 237 630 403 512 403 512 481 512 481 0 3 0 5
 12615680 5 649 237 643 237 643 386 493 386 493 481 493 481 0 3 0 5
 255 5 597 146 597 146 597 146 597 198 597 198 597 198 0 3 0 3
 65793 5 688 341 688 341 714 341 714 341 714 393 714 393 0 3 0 3
 65793 5 844 341 844 341 844 341 844 393 844 393 844 393 0 3 0 3
 255 5 766 198 766 198 766 198 766 146 766 146 766 146 0 3 0 3
 65793 5 850 114 850 114 844 114 844 114 844 159 844 159 0 9 0 3
 255 5 850 56 850 56 815 56 815 146 818 146 818 146 0 9 0 3
 12615935 5 891 82 891 82 891 198 891 198 883 198 883 198 0 9 0 3
 12615935 5 883 211 883 211 878 211 878 307 779 307 779 302 0 3 0 3
 12615935 5 883 237 883 237 883 231 792 231 792 237 792 237 0 3 0 3
 12615935 5 831 237 831 237 831 242 883 242 883 250 883 250 0 3 0 3
 32768 5 769 496 769 496 769 302 769 302 766 302 766 302 0 6 0 3
 32768 5 788 496 788 496 788 310 805 310 805 302 805 302 0 6 0 3
 32768 5 807 496 807 496 807 250 779 250 779 237 779 237 0 6 0 3
 32768 5 826 496 826 496 822 496 822 237 818 237 818 237 0 6 0 3
 65408 5 792 302 792 302 792 283 662 283 662 237 662 237 0 3 0 3
 65408 5 610 237 604 237 604 318 831 318 831 302 831 302 0 3 0 3
 65408 5 805 237 805 237 805 309 610 309 610 302 610 302 0 3 0 3
 65408 5 662 302 662 302 662 289 844 289 844 237 844 237 0 3 0 3
 0 5 1026 341 1026 341 1026 341 1026 393 1026 393 1026 393 0 3 0 3
 255 5 948 198 948 198 948 198 948 146 948 146 948 146 0 3 0 3
 12615935 5 891 69 891 69 904 69 904 198 909 198 909 198 0 9 0 3
 12615935 5 909 211 904 211 904 309 961 309 961 302 961 302 0 3 0 3
 12615935 5 909 224 917 224 917 320 1000 320 1000 302 1000 302 0 3 0 3
 12615935 5 909 237 909 237 909 242 974 242 974 237 974 237 0 3 0 3
 12615935 5 909 250 909 250 909 259 1013 259 1013 237 1013 237 0 3 0 3
 16777088 5 902 496 902 496 902 413 993 413 993 237 1000 237 0 6 0 3
 16777088 5 961 237 960 237 960 503 883 503 883 496 883 496 0 3 0 6
 16777088 5 864 483 864 483 864 406 987 406 987 302 987 302 0 6 0 3
 16777088 5 845 483 845 483 845 309 948 309 948 302 948 302 0 6 0 3
 4194432 5 1026 237 1035 237 1035 358 428 358 428 328 428 328 0 3 0 3
 4194432 5 974 302 975 302 975 333 436 333 436 237 428 237 0 3 0 3
 4194432 5 376 328 376 328 376 350 987 350 987 237 987 237 0 3 0 3
 4194432 5 376 237 376 237 376 203 1013 203 1013 302 1013 302 0 3 0 3
 12615935 5 891 56 891 56 1078 56 1078 56 1078 198 1078 198 0 9 0 3
 8421376 5 441 341 441 341 441 369 1078 369 1078 211 1078 211 0 3 0 3
 8421440 5 493 494 493 495 331 495 331 685 323 685 323 685 0 5 0 10
 8421440 5 512 494 512 494 512 503 355 503 355 685 349 685 0 5 0 10
 8421440 5 531 494 531 514 379 514 379 685 375 685 375 685 0 5 0 10
 8421440 5 550 494 550 557 227 557 227 745 310 745 310 750 0 5 0 10
 8421440 5 569 494 569 566 193 566 193 758 336 758 336 750 0 5 0 10
 8421440 5 588 494 588 578 173 578 173 771 362 771 362 750 0 5 0 10
 8421440 5 607 494 615 494 615 600 453 600 453 685 453 685 0 5 0 10
 8421440 5 626 494 636 494 636 615 488 615 488 685 479 685 0 5 0 10
 8421504 5 493 507 493 507 473 507 473 691 583 691 583 685 0 5 0 10
 8421504 5 512 507 503 507 503 679 596 679 596 685 596 685 0 5 0 10
 8421504 5 531 507 522 507 522 665 614 665 614 685 609 685 0 5 0 10
 8421504 5 550 507 558 507 558 651 629 651 629 685 622 685 0 5 0 10
 8421504 5 569 507 576 507 576 640 641 640 641 685 635 685 0 5 0 10
 8421504 5 588 507 597 507 597 630 654 630 654 685 648 685 0 5 0 10
 8421504 5 607 507 607 507 607 514 666 514 666 685 661 685 0 5 0 10
 8421504 5 626 507 626 507 680 507 680 685 674 685 674 685 0 5 0 10
 255 5 337 380 337 419 281 419 281 585 323 585 323 594 0 3 0 10
 255 5 310 594 310 594 247 594 247 828 310 828 310 828 0 10 0 10
 255 5 336 594 336 594 336 623 305 623 305 685 310 685 0 10 0 10
 255 5 440 685 440 685 433 685 433 594 440 594 440 594 0 10 0 10
 0 5 388 841 388 841 388 841 388 789 388 789 388 789 0 10 0 10
 0 5 518 841 518 841 518 841 518 789 518 789 518 789 0 10 0 10
 0 5 1052 393 1052 393 1056 393 1056 607 1064 607 1064 607 0 3 0 10
 0 5 1077 607 1077 607 1125 607 1125 841 1077 841 1077 841 0 10 0 10
 255 5 1065 146 1065 146 1195 146 1195 146 1195 345 1195 345 0 3 0 11
 255 5 1962 345 1962 345 1981 345 1981 579 1962 579 1962 579 0 11 0 11
 0 5 1065 393 1065 393 1065 584 1195 584 1195 592 1195 592 0 3 0 11
 0 5 1949 592 1949 592 1999 592 1999 358 1949 358 1949 358 0 11 0 11
 0 5 1273 540 1273 540 1273 540 1273 592 1273 592 1273 592 0 11 0 11
 0 5 1403 540 1403 540 1403 540 1403 592 1403 592 1403 592 0 11 0 11
 0 5 1663 540 1663 540 1663 540 1663 592 1663 592 1663 592 0 11 0 11
 255 5 1208 345 1208 345 1216 345 1216 405 1182 405 1182 397 0 11 0 11
 255 5 1312 397 1312 397 1312 397 1312 345 1312 345 1312 345 0 11 0 11
 255 5 1442 397 1442 397 1442 397 1442 345 1442 345 1442 345 0 11 0 11
 255 5 1572 397 1572 397 1572 397 1572 345 1572 345 1572 345 0 11 0 11
 0 5 1532 114 1532 114 1527 114 1527 358 1520 358 1520 358 0 7 0 11
 0 5 1737 113 1737 113 1737 358 1737 358 1741 358 1741 358 0 4 0 11
 0 5 1533 540 1533 540 1533 540 1533 592 1533 592 1533 592 0 11 0 11
 4210816 5 910 69 910 69 1554 69 1554 496 1572 496 1572 501 0 9 0 11
 12615935 5 883 224 883 224 890 224 890 289 883 289 883 289 0 3 0 3
 12615935 5 883 302 883 302 883 296 818 296 818 302 818 302 0 3 0 3
 12615935 5 883 315 883 315 883 320 1143 320 1143 501 1182 501 0 3 0 11
 8421504 5 674 698 674 698 669 698 669 737 661 737 661 737 0 10 0 10
 8421504 5 661 698 661 698 656 698 656 738 648 738 648 737 0 10 0 10
 8421504 5 648 698 648 698 645 698 645 737 635 737 635 737 0 10 0 10
 8421504 5 635 698 635 698 631 698 631 737 622 737 622 737 0 10 0 10
 8421504 5 622 698 622 698 617 698 617 737 609 737 609 737 0 10 0 10
 8421504 5 609 698 609 698 604 698 604 735 596 735 596 737 0 10 0 10
 8421504 5 596 698 596 698 592 698 592 737 583 737 583 737 0 10 0 10
 8421504 5 583 698 583 698 571 698 571 718 674 718 674 737 0 10 0 10
 16777088 5 607 1011 607 1011 401 1011 401 1011 401 841 401 841 0 12 0 10
 16711808 5 1195 501 1202 501 1202 742 492 742 492 685 492 685 0 11 0 10
 16711808 5 466 685 461 685 461 758 1241 758 1241 501 1234 501 0 10 0 11
 16711808 5 375 750 375 750 375 770 1254 770 1254 436 1247 436 0 10 0 11
 16711808 5 349 750 349 750 349 783 1215 783 1215 436 1208 436 0 10 0 11
 65280 5 674 750 674 750 674 749 1208 749 1208 501 1208 501 0 10 0 11
 65280 5 661 750 661 750 661 764 1247 764 1247 501 1247 501 0 10 0 11
 65280 5 648 750 648 750 648 777 1267 777 1267 436 1260 436 0 10 0 11
 65280 5 635 750 635 750 635 791 1227 791 1227 436 1221 436 0 10 0 11
 16776960 5 1221 501 1221 501 1221 506 1338 506 1338 501 1338 501 0 11 0 11
 16776960 5 1260 501 1260 501 1260 520 1377 520 1377 501 1377 501 0 11 0 11
 16776960 5 1273 436 1273 436 1273 428 1390 428 1390 436 1390 436 0 11 0 11
 16776960 5 1234 436 1234 436 1234 443 1351 443 1351 436 1351 436 0 11 0 11
 16744448 5 402 302 409 302 409 170 1332 170 1332 501 1325 501 0 3 0 11
 16744448 5 363 302 363 302 363 161 1358 161 1358 501 1364 501 0 3 0 11
 16744448 5 1377 436 1377 436 1377 185 402 185 402 224 402 224 0 11 0 3
 16744448 5 1338 436 1338 436 1338 136 441 136 441 224 441 224 0 11 0 3
 12615935 5 1442 501 1437 501 1437 388 883 388 883 341 883 341 0 11 0 3
 64 5 910 82 910 82 1312 82 1312 82 1312 501 1312 501 0 9 0 11
 33023 5 1351 501 1351 501 1351 508 1683 508 1683 120 1912 120 0 11 0 4
 33023 5 1390 501 1399 501 1399 521 1841 521 1841 120 1892 120 0 11 0 4
 33023 5 1403 436 1403 436 1403 449 1747 449 1747 120 1872 120 0 11 0 4
 33023 5 1364 436 1370 436 1370 416 1723 416 1723 120 1852 120 0 11 0 4
 8388863 5 1611 501 1606 501 1606 195 1832 195 1832 120 1832 120 0 11 0 4
 8388863 5 1650 501 1645 501 1645 205 1812 205 1812 120 1812 120 0 11 0 4
 8388863 5 1663 436 1657 436 1657 218 1792 218 1792 120 1792 120 0 11 0 4
 8388863 5 1624 436 1619 436 1619 236 1772 236 1772 120 1772 120 0 11 0 4
 0 5 1195 397 1195 397 1195 397 1195 358 1195 358 1195 358 0 11 0 11
 0 5 1325 397 1325 397 1325 397 1325 358 1325 358 1325 358 0 11 0 11
 0 5 1455 397 1455 397 1455 397 1455 358 1455 358 1455 358 0 11 0 11
 0 5 1585 397 1585 397 1585 397 1585 358 1585 358 1585 358 0 11 0 11
 65535 5 622 750 622 750 622 806 1475 806 1475 501 1468 501 0 10 0 11
 65535 5 609 750 609 750 609 815 1515 815 1515 501 1507 501 0 10 0 11
 65535 5 596 750 596 750 596 834 1527 834 1527 436 1520 436 0 10 0 11
 65535 5 583 750 583 750 583 847 1489 847 1489 436 1481 436 0 10 0 11
 8421631 5 323 750 323 750 323 800 1461 800 1461 501 1455 501 0 10 0 11
 8421631 5 388 685 388 822 1500 822 1500 501 1494 501 1494 501 0 10 0 11
 8421631 5 362 685 369 685 369 859 1507 859 1507 436 1507 436 0 10 0 11
 8421631 5 336 685 336 685 336 685 1468 685 1468 436 1468 436 0 10 0 11
 8388736 5 1533 436 1533 436 1533 422 1650 422 1650 436 1650 436 0 11 0 11
 8388736 5 1494 436 1494 436 1494 443 1611 443 1611 436 1611 436 0 11 0 11
 8388736 5 1520 501 1520 501 1520 531 1637 531 1637 501 1637 501 0 11 0 11
 8388736 5 1481 501 1481 501 1481 514 1598 514 1598 501 1598 501 0 11 0 11
 65535 5 688 237 688 237 688 230 1567 230 1567 121 1567 121 0 3 0 7
 255 5 1702 397 1702 397 1702 397 1702 345 1702 345 1702 345 0 11 0 11
 0 5 1780 540 1780 540 1780 540 1780 592 1780 592 1780 592 0 11 0 11
 0 5 1884 540 1884 540 1884 540 1884 592 1884 592 1884 592 0 11 0 11
 65408 5 1351 514 1351 514 1351 550 1702 550 1702 501 1702 501 0 11 0 11
 4194432 5 1390 514 1390 514 1390 559 1715 559 1715 501 1715 501 0 11 0 11
 65408 5 1403 423 1403 423 1403 379 1715 379 1715 436 1715 436 0 11 0 11
 4194432 5 1364 423 1364 423 1364 370 1728 370 1728 436 1728 436 0 11 0 11
 65408 5 1611 514 1611 514 1611 569 1741 569 1741 501 1741 501 0 11 0 11
 4194432 5 1650 514 1650 514 1754 514 1754 514 1754 501 1754 501 0 11 0 11
 65408 5 1663 423 1663 428 1755 428 1755 436 1754 436 1754 436 0 11 0 11
 4194432 5 1624 423 1624 423 1624 388 1767 388 1767 436 1767 436 0 11 0 11
 16776960 5 1728 501 1728 501 1728 507 1806 507 1806 501 1806 501 0 11 0 11
 16776960 5 1741 436 1741 436 1741 459 1819 459 1819 501 1819 501 0 11 0 11
 255 5 1806 397 1806 397 1806 397 1806 345 1806 345 1806 345 0 11 0 11
 16777088 5 1780 436 1780 436 1780 431 1819 431 1819 436 1819 436 0 11 0 11
 16777088 5 1767 501 1767 501 1767 443 1832 443 1832 436 1832 436 0 11 0 11
 16711808 5 1845 436 1845 436 1845 416 1949 416 1949 436 1949 436 0 11 0 11
 16711808 5 1832 501 1832 501 1832 508 1930 508 1930 436 1936 436 0 11 0 11
 8388608 5 1923 436 1923 436 1923 147 1587 147 1587 121 1587 121 0 11 0 7
 255 5 1910 397 1910 397 1910 397 1910 345 1910 345 1910 345 0 11 0 11
 0 5 1988 501 1988 501 1988 563 1936 563 1936 592 1936 592 0 11 0 11
 16711808 5 636 341 636 341 636 327 1585 327 1585 501 1585 501 0 3 0 11
 16711808 5 597 341 597 341 1624 341 1624 341 1624 501 1624 501 0 3 0 11
 16711808 5 636 237 636 237 636 217 1637 217 1637 436 1637 436 0 3 0 11
 16711808 5 675 237 675 237 1598 237 1598 237 1598 436 1598 436 0 3 0 11
13
 7283 1 16 357 250 5 0 8583492 0 3
 7283 1 16 591 250 5 0 8583492 0 3
 7086 1 14 760 250 5 0 8583492 0 3
 7086 1 14 942 250 5 0 8583492 0 3
 7004 1 14 304 698 5 0 8583492 0 10
 7004 1 14 434 698 5 0 8583492 0 10
 7157 1 16 1176 449 5 0 8583492 0 11
 7157 1 16 1306 449 5 0 8583492 0 11
 7157 1 16 1436 449 5 0 8583492 0 11
 7157 1 16 1566 449 5 0 8583492 0 11
 7032 1 14 1696 449 5 0 8583492 0 11
 7032 1 14 1800 449 5 0 8583492 0 11
 7002 1 14 1904 449 5 0 8583492 0 11
