Version 0.9.7
8
 4 10 175 77 128 0 1
 5 80 400 206 81 2 2
 0 245 132 877 276 8 3
 3 404 27 203 58 140 4
 1 438 470 206 81 149 5
 1 713 472 206 81 159 6
 3 193 30 203 58 169 7
 1 824 39 206 81 310 9
 0
66
 255 5 71 189 71 189 71 145 298 145 298 146 298 146 0 1 0 3
 255 5 311 146 311 128 196 128 196 377 324 377 324 380 0 3 0 3
 65793 5 71 288 71 288 71 394 298 394 298 393 298 393 0 1 0 3
 65793 5 311 393 311 410 211 410 211 160 311 160 311 159 0 3 0 3
 65793 5 453 539 453 539 359 539 359 393 350 393 350 393 0 5 0 3
 255 5 453 481 453 481 344 481 344 380 350 380 350 380 0 5 0 3
 255 5 363 198 363 198 363 198 363 198 363 146 363 146 0 3 0 3
 65793 5 454 341 454 341 454 341 454 393 454 393 454 393 0 3 0 3
 65793 5 728 541 728 541 695 541 695 393 688 393 688 393 0 6 0 3
 255 5 728 483 728 483 681 483 681 380 688 380 688 380 0 6 0 3
 65793 5 415 64 415 64 415 64 415 159 415 159 415 159 0 4 0 3
 8388736 5 415 341 415 341 415 467 627 467 627 481 627 481 0 3 0 5
 8388736 5 389 341 389 341 389 456 608 456 608 481 608 481 0 3 0 5
 8388736 5 389 237 397 237 397 442 589 442 589 481 589 481 0 3 0 5
 33023 5 454 237 454 237 454 294 675 294 675 302 675 302 0 3 0 3
 8388736 5 415 237 423 237 423 432 570 432 570 481 570 481 0 3 0 5
 33023 5 402 302 525 302 525 158 590 158 590 71 590 71 0 3 0 4
 33023 5 363 302 363 302 363 131 570 131 570 71 570 71 0 3 0 4
 33023 5 402 237 402 237 402 109 550 109 550 71 550 71 0 3 0 4
 33023 5 441 237 441 237 441 118 530 118 530 71 530 71 0 3 0 4
 12615680 5 649 302 649 302 649 423 551 423 551 481 551 481 0 3 0 5
 12615680 5 623 302 623 302 623 414 532 414 532 481 532 481 0 3 0 5
 12615680 5 623 237 631 237 631 403 513 403 513 481 513 481 0 3 0 5
 12615680 5 649 237 643 237 643 386 494 386 494 481 494 481 0 3 0 5
 65535 5 597 302 588 302 588 124 490 124 490 71 490 71 0 3 0 4
 65535 5 636 237 642 237 642 89 470 89 470 71 470 71 0 3 0 4
 65535 5 636 302 617 302 617 134 510 134 510 71 510 71 0 3 0 4
 255 5 597 146 597 146 597 146 597 198 597 198 597 198 0 3 0 3
 65793 5 688 341 688 341 714 341 714 341 714 393 714 393 0 3 0 3
 65535 5 675 237 675 237 675 81 450 81 450 71 450 71 0 3 0 4
 0 5 204 67 182 67 182 170 337 170 337 159 337 159 0 7 0 3
 65535 5 379 74 379 74 379 177 688 177 688 237 688 237 0 7 0 3
 65793 5 844 341 844 341 844 341 844 393 844 393 844 393 0 3 0 3
 255 5 766 198 766 198 766 198 766 146 766 146 766 146 0 3 0 3
 65793 5 839 108 839 108 839 159 839 159 844 159 844 159 0 9 0 3
 255 5 839 50 839 50 815 50 815 146 818 146 818 146 0 9 0 3
 12615935 5 880 76 880 76 890 76 890 198 883 198 883 198 0 9 0 3
 12615935 5 883 211 883 211 878 211 878 307 779 307 779 302 0 3 0 3
 12615935 5 883 224 891 224 891 312 818 312 818 302 818 302 0 3 0 3
 12615935 5 883 237 883 237 883 231 792 231 792 237 792 237 0 3 0 3
 12615935 5 831 237 831 237 831 242 883 242 883 250 883 250 0 3 0 3
 32768 5 769 496 769 496 769 302 769 302 766 302 766 302 0 6 0 3
 32768 5 788 496 788 496 788 310 805 310 805 302 805 302 0 6 0 3
 32768 5 807 496 807 496 807 250 779 250 779 237 779 237 0 6 0 3
 32768 5 826 496 826 496 822 496 822 237 818 237 818 237 0 6 0 3
 65408 5 792 302 792 302 792 283 662 283 662 237 662 237 0 3 0 3
 65408 5 610 237 604 237 604 318 831 318 831 302 831 302 0 3 0 3
 65408 5 805 237 805 237 805 309 610 309 610 302 610 302 0 3 0 3
 65408 5 662 302 662 302 662 289 844 289 844 237 844 237 0 3 0 3
 0 5 1026 341 1026 341 1026 341 1026 393 1026 393 1026 393 0 3 0 3
 255 5 948 198 948 198 948 198 948 146 948 146 948 146 0 3 0 3
 12615935 5 880 63 880 63 909 63 909 63 909 198 909 198 0 9 0 3
 12615935 5 909 211 904 211 904 309 961 309 961 302 961 302 0 3 0 3
 12615935 5 909 224 917 224 917 320 1000 320 1000 302 1000 302 0 3 0 3
 12615935 5 909 237 909 237 909 242 974 242 974 237 974 237 0 3 0 3
 12615935 5 909 250 909 250 909 259 1013 259 1013 237 1013 237 0 3 0 3
 16777088 5 902 496 902 496 902 413 993 413 993 237 1000 237 0 6 0 3
 16777088 5 961 237 960 237 960 503 883 503 883 496 883 496 0 3 0 6
 16777088 5 864 483 864 483 864 406 987 406 987 302 987 302 0 6 0 3
 16777088 5 845 483 845 483 845 301 948 301 948 302 948 302 0 6 0 3
 4194432 5 1026 237 1035 237 1035 358 428 358 428 328 428 328 0 3 0 3
 4194432 5 974 302 975 302 975 333 436 333 436 237 428 237 0 3 0 3
 4194432 5 376 328 376 328 376 350 987 350 987 237 987 237 0 3 0 3
 4194432 5 376 237 376 237 376 203 1013 203 1013 302 1013 302 0 3 0 3
 12615935 5 880 50 880 50 880 43 1078 43 1078 198 1078 198 0 9 0 3
 8421376 5 441 341 441 341 441 367 1078 367 1078 211 1078 211 0 3 0 3
4
 7283 1 16 357 250 5 0 8583492 0 3
 7283 1 16 591 250 5 0 8583492 0 3
 7086 1 14 760 250 5 0 8583492 0 3
 7086 1 14 942 250 5 0 8583492 0 3
